//key money boolean(general store) - Name - item quantity and repeat
1 995 true - General Store - 1931 30 1935 10 5603 10 1925 30 1923 10 1887 10 590 10 2347 10 550 10
2 995 false - Thessalia's Clothing - 1005 10 1129 10 1059 10 1061 10 1757 10 1013 10 1015 10 1011 10 1007 10 950 10 428 10 426 10 1733 10 1734 1000
3 995 false - Mage Shop - 1381 100 1383 100 1385 100 1387 100 4675 100 6109 100 6107 100 6111 100 6106 100 6110 100 554 10000 555 10000 556 10000 557 10000 558 10000 559 10000 560 10000 561 10000 562 10000 563 10000 9075 10000 564 10000 565 10000 566 10000 4089 100 4091 100 4093 100 3842 150 3840 150 19615 150 19613 150
4 995 false - Weapon Shop - 1279 100 1293 100 1309 100 1323 100 1281 100 1295 100 1311 100 1325 100 1283 100 1297 100 1313 100 1327 100 1285 100 1315 100 1329 100 1287 100 1301 100 1317 100 1331 100 1289 100 1303 100 1319 100 1333 100 1215 250 1305 250 7158 250 4587 250
5 995 false - Range Shop - 841 100 843 100 845 100 849 100 847 100 853 100 851 100 857 100 855 100 861 100 859 100 9185 100 884 100 886 10000 888 10000 890 10000 892 10000 11212 10000 9141 10000 9142 10000 9143 10000 9144 10000 9242 10000 9243 10000 9244 10000 11864 500 11868 500 11870 500
6 995 true - General Skilling - 1265 100 1267 100 1269 100 1273 100 1271 100 1275 100 1351 100 1349 100 1353 100 1361 100 1355 100 1357 100 1359 100 2347 100 1755 100 590 100 946 100 954 100 1733 5000 1734 5000 952 100 532 10000
7 995 false - Armour Shop - 1755 100 11814 100 11816 100 11818 100 11820 100 11822 100 11824 100 11826 100 11828 100 11830 100 11832 100 11834 100 11836 100 11838 100 11840 100 14529 100 14531 100 11732 100 6685 10000 3024 10000
8 995 false - Potions & Flasks - 227 100000 15332 100000 23243 100000 23255 100000 23279 100000 23291 100000 23303 100000 23315 100000 23351 100000 23363 100000 23387 100000 23399 100000 23423 100000
9 995 true - Miscellaneous - 1712 500 1725 500 1727 500 1729 500 1731 500 15126 500 6585 500 2550 250 2570 250 386 10000 1540 100 8007 250 8008 250 8009 250 8010 250 8011 250 3105 100 4131 150 10828 250 3751 250 3753 250 3749 250 3755 250 10551 250 10498 250 10499 250
10 12852 false - Pk Point Shop - 19784 100 15018 100 15019 100 15020 100 15220 100 11846 100 11848 100 11850 100 11852 100 11854 100 11856 100
11 995 false - Achievement Capes - 9749 100 9748 100 9752 100 9751 100 9755 100 9754 100 9758 100 9757 100 9761 100 9760 100 9764 100 9763 100 9770 100 9769 100 12171 100 12170 100 9767 100 9766 100 9773 100 9772 100 9776 100 9775 100 9779 100 9778 100 9782 100 9781 100 9785 100 9784 100 9788 100 9787 100
12 995 false - Achievement Capes - 9794 100 9793 100 9797 100 9796 100 9800 100 9799 100 9803 100 9802 100 9806 100 9805 100 9809 100 9808 100 18509 100 19709 100 9811 100 9812 100 9790 100 9791 100
13 995 false - Fishing Supplies - 307 100 303 100 303 100 309 100 311 100 301 100 313 10000 314 10000 15263 10000
14 995 false - Herblore Supplies - 199 2000 201 2000 203 2000 205 2000 207 2000 209 2000 211 2000 213 2000 215 2000 3049 2000 217 2000 219 2000 2485 2000 3051 2000 221 2000 223 2000 225 2000 4255 2000 9594 2000 6693 2000 3138 2000 241 2000 12539 2000 5972 2000 231 2000 235 2000 239 2000 245 2000 2970 2000 6049 2000 227 20000
15 995 false - Crafting Supplies - 1625 10000 1627 10000 1623 10000 1621 10000 1619 10000 1617 10000 1631 10000 1759 10000
16 995 false - Summoning Shop - 12155 10000 12183 50000 2859 1000 2138 1000 6291 1000 3363 1000 2134 1000 6032 1000 9976 1000 3325 1000 12156 1000 6010 1000 12134 1000 6319 1000 6319 1000 12111 1000 12113 1000 12115 1000 12117 1000 12119 1000 12121 1000 3138 1000 1635 1000 2132 1000 9978 1000 1444 1000 7939 1000
17 995 false - Summoning Scrolls - 12422 5000 12423 5000 12424 5000 12425 5000 12426 5000 12427 5000 12428 5000 12429 5000 12430 5000 12431 5000 12433 5000 12434 5000 12435 5000 12436 5000 12437 5000 12438 5000 12439 5000 12440 5000 12441 5000 12442 5000 12443 5000 12444 5000 12445 5000 12446 5000 12447 5000 12448 5000 12449 5000 12450 5000 12824 5000 12825 5000
18 18201 false - Dungeoneering Shop - 18349 2147000000 18351 2147000000 18353 2147000000 18355 2147000000 18357 2147000000 18359 2147000000 18361 2147000000 18363 2147000000 18335 2147000000 18347 2147000000
19 995 false - Construction - 960 500000 8778 500000 8780 50000 8782 500000 11031 50000 15292 5000 15293 500000 15295 50000 15297 5000
20 995 false - Farming Shop - 5329 100 5343 100 5341 100 952 100 5096 100 5097 100 5098 100 5099 100 5100 100 5101 100 5102 100 5103 100 5104 100 5105 100 5106 100 5171 100 5280 100 5281 100 5282 100 5283 100 5284 100 5285 100 5300 100 5301 100 5302 100 5303 100 5304 100 5298 100 5299 100
21 995 false - Farming Shop - 5329 100 5343 100 5341 100 952 100 5313 100 5314 100 5315 100 5316 100 5317 100 5318 100 5319 100 5320 100 5321 100 5322 100 5323 100 5324 100 5286 100 5287 1000 5288 100 5289 100 5290 100 5291 100 5292 100 5293 100 5294 100 5295 100 5296 100 5297 100
22 995 false - Hunter Shop - 10006 1000 10008 1000
23 24952 false - Penguin Store - 21736 10 21752 10 21760 10 21744 10 22298 10 22300 10 22302 10 12681 10 12679 10 12677 10 12675 10 12673 10
24 995 false - Recipe for Disaster - 7453 10 7454 10 7455 10 7456 10 7457 10 7458 10 7459 10 7460 10 7461 10 7462 10
25 995 false - The Captain of The Guard - 20708 100 20709 100
26 995 false - Donator Flasks - 23531 100000 23483 100000 23495 100000 23501 100000 23507 100000 23513 100000 23519 100000 23525 100000 23609 100000
27 995 false - Slayer Shop - 4155 10000